# 畸变系数
D = [0.08821971048895463, -0.22219458692679914, -0.0012622838397066318, -0.006265572480235115, 0.0]

# 内参矩阵
K = [640.2496205045733, 0.0, 317.4927861025125, 0.0, 638.5367147857974, 251.59988284629924, 0.0, 0.0, 1.0]

# 旋转矩阵
R = [1.0, 0.0, 0.0, 0.0, 1.0, 0.0, 0.0, 0.0, 1.0]

# 投影矩阵
P = [645.4211741686123, 0.0, 314.4688110252678, 0.0, 0.0, 646.3554087009519, 251.26294310404927, 0.0, 0.0, 0.0, 1.0, 0.0]


[image]

width
640

height
480

[narrow_stereo]

内参矩阵
640.249621 0.000000 317.492786
0.000000 638.536715 251.599883
0.000000 0.000000 1.000000

畸变系数
0.088220 -0.222195 -0.001262 -0.006266 0.000000

旋转矩阵
1.000000 0.000000 0.000000
0.000000 1.000000 0.000000
0.000000 0.000000 1.000000

投影矩阵
645.421174 0.000000 314.468811 0.000000
0.000000 646.355409 251.262943 0.000000
0.000000 0.000000 1.000000 0.000000

